=== Global Mean (len=13) ===
 -0.000000  -0.000000  -0.000000  -0.000000  -0.000000   0.000000   0.000000   0.000000  -0.000000  -0.000000  -0.000000  -0.000000   0.000000 

=== Class 0 Mean (len=13) ===
 -0.197933  -0.223110  -0.391155  -0.130979  -0.103744  -0.084560  -0.166078   0.368207  -0.394414  -0.392232  -0.285991  -0.445875  -0.448942 

=== Class 1 Mean (len=13) ===
  0.249729   0.281494   0.493513   0.165254   0.130892   0.106688   0.209538  -0.464560   0.497626   0.494872   0.360830   0.562553   0.566422 

=== X_bar_c (class 0, first 10 rows, 13 cols) ===
  0.515912  -1.173751   1.256543  -0.012760   1.209146  -0.319744   1.157917   0.031976  -0.341385  -0.502811  -0.716410   0.854426  -0.361022 
  1.496871   0.939001   1.256543   1.765373  -0.255631  -0.319744   1.157917  -0.883706  -0.341385   1.458532  -0.716410  -0.244122   0.698498 
 -0.247056  -1.173751   0.209424  -0.457293  -0.431404  -0.319744  -0.859100  -0.011628  -0.341385   0.861601   0.869087  -0.244122  -0.361022 
 -0.901029   0.939001  -0.837695  -0.457293  -0.411874  -0.319744  -0.859100   0.511619  -0.341385  -0.502811  -0.716410  -0.244122  -0.361022 
 -1.446007  -1.173751   0.209424  -1.902026  -0.822011  -0.319744  -0.859100   0.904054  -0.341385  -0.502811  -0.716410  -0.244122  -0.361022 
  0.188925  -1.173751   0.209424  -1.012960  -0.529056  -0.319744  -0.859100  -0.011628  -0.341385   0.861601   0.869087  -0.244122  -0.361022 
 -0.029065   0.939001  -0.837695  -0.012760  -0.704829   2.557948  -0.859100   1.122074  -0.341385  -0.502811  -0.716410  -0.244122  -0.361022 
  0.406916  -1.173751  -0.837695   0.654040   1.033373  -0.319744   1.157917  -0.229647  -0.341385   0.605774   0.869087  -0.244122  -0.361022 
  0.951894   0.939001   0.209424   1.209707   0.037325   2.557948  -0.859100  -0.927309   1.753480   0.349947   0.869087  -0.244122  -0.361022 
 -0.029065   0.939001   0.209424   2.432173  -0.822011   2.557948  -0.859100   0.162788  -0.341385  -0.076432  -0.716410  -0.244122   1.758018 

=== S_c (class 0 scatter, 13x13) ===
149.003882 -25.330841   9.952241  39.250652  31.264102  18.505666  17.294529 -68.445436   2.085422  19.953193  24.147593  20.714466  15.559392 
-25.330841 148.790650 -17.698415   2.674078 -24.413827  16.212927   0.236748  20.912193  12.294250   0.500463  -2.977565  -6.189226  41.287933 
  9.952241 -17.698415 126.750513 -17.094720  12.217194 -15.066424  -3.168084 -16.290937  14.038865 -12.036818  -2.988366  -4.601242  -1.996998 
 39.250652   2.674078 -17.094720 113.372084  13.319378  10.002864  17.237317   0.874029  -1.053678  12.728606   4.668687   4.523939   1.556453 
 31.264102 -24.413827  12.217194  13.319378 144.362850  -7.549850  30.643432   8.869242  -1.552894   3.537860  -2.180647   3.933425   1.529428 
 18.505666  16.212927 -15.066424  10.002864  -7.549850 110.414781   9.351457  -9.285413  -2.679278  -1.336053  10.139046   8.430089   5.759168 
 17.294529   0.236748  -3.168084  17.237317  30.643432   9.351457 133.276364  -9.088145   6.885802   8.335763  17.648077  -1.723393  -7.677620 
-68.445436  20.912193 -16.290937   0.874029   8.869242  -9.285413  -9.088145 101.830565 -13.506774 -17.146337 -30.022520  -7.951564 -11.746915 
  2.085422  12.294250  14.038865  -1.053678  -1.552894  -2.679278   6.885802 -13.506774  80.812680   3.087187   3.518226  -2.045609  12.215753 
 19.953193   0.500463 -12.036818  12.728606   3.537860  -1.336053   8.335763 -17.146337   3.087187  64.331773  48.176875   1.790321   9.014394 
 24.147593  -2.977565  -2.988366   4.668687  -2.180647  10.139046  17.648077 -30.022520   3.518226  48.176875 129.302427  -4.451126  15.479648 
 20.714466  -6.189226  -4.601242   4.523939   3.933425   8.430089  -1.723393  -7.951564  -2.045609   1.790321  -4.451126  54.708649  -0.258652 
 15.559392  41.287933  -1.996998   1.556453   1.529428   5.759168  -7.677620 -11.746915  12.215753   9.014394  15.479648  -0.258652  81.191810 

=== X_bar_c (class 1, first 10 rows, 13 cols) ===
  0.504231   0.434398   0.371874  -0.753525   0.134705  -0.510992  -1.234716   0.036269   0.861440   1.680013   0.222266  -0.154002   0.742654 
 -1.348692   0.434398   0.371874  -1.309192  -1.095708  -0.510992   0.782301   1.649613  -1.233425  -1.389916  -1.363231  -0.154002  -1.376386 
 -1.457687   0.434398   0.371874  -0.086726  -0.119190   2.366700   0.782301   0.167080   0.861440  -1.304640   0.222266  -1.252550   0.742654 
  1.158204   0.434398   0.371874  -0.753525  -0.470737  -0.510992   0.782301  -0.443374   0.861440   0.827255   0.222266   0.944546   0.742654 
  0.286240   0.434398   0.371874  -1.309192  -0.275433  -0.510992   0.782301   0.123476   0.861440  -0.366606   0.222266  -0.154002   0.742654 
 -1.893669   0.434398   0.371874  -0.864659  -0.666040  -0.510992  -1.234716   0.036269  -1.233425  -0.366606   0.222266  -1.252550   0.742654 
  1.158204   0.434398   0.371874   1.469141   0.642494  -0.510992   0.782301  -1.359056   0.861440  -0.110779   0.222266   2.043095  -1.376386 
  0.177245   0.434398   0.371874  -0.308992   0.115174  -0.510992   0.782301  -0.399770   0.861440   1.168358   0.222266   0.944546   0.742654 
 -1.348692   0.434398   0.371874  -0.753525  -1.642558  -0.510992  -1.234716   0.210684   0.861440   0.997807   1.807763  -1.252550  -0.316866 
 -0.040746   0.434398   0.371874  -0.086726  -1.349603  -0.510992   0.782301  -1.489868   0.861440   0.400876   0.222266  -0.154002  -0.316866 

=== S_c (class 1 scatter, 13x13) ===
 81.034128 -11.692647  -1.460239  24.290074  15.075365   7.181828  11.764828  -6.124848  -3.094203   3.848344   3.388407  48.061455 -15.008456 
-11.692647  78.010799  -6.223391 -34.593072 -17.608420 -12.727905   1.991334  -6.107748  -0.206819  -7.822935 -13.680799  -6.767658   8.012583 
 -1.460239  -6.223391  68.533731  -5.276880   2.370359  -0.760362   4.776800 -28.792564  35.917190   9.854875   7.757960   6.127823  20.374353 
 24.290074 -34.593072  -5.276880 123.389894  10.838079  35.553914  11.406383   1.470488   5.549347  22.745024  17.127775   9.253382  10.600617 
 15.075365 -17.608420   2.370359  10.838079  94.350966  12.086134   0.778657   3.736096   9.390599  -2.891734  -4.720910  17.667329  -1.785577 
  7.181828 -12.727905  -0.760362  35.553914  12.086134 129.401996  19.555785   2.986859  10.929952  -8.020140   7.590071  20.031309   7.066775 
 11.764828   1.991334   4.776800  11.406383   0.778657  19.555785 100.302112  -4.399133 -10.839873  -5.777363  -1.016179  18.430407 -11.943622 
 -6.124848  -6.107748 -28.792564   1.470488   3.736096   2.986859  -4.399133  98.774363 -31.659757 -31.425262 -30.520973 -15.305484  -8.518354 
 -3.094203  -0.206819  35.917190   5.549347   9.390599  10.929952 -10.839873 -31.659757 113.689826  26.824580  16.048269 -18.023349  24.767703 
  3.848344  -7.822935   9.854875  22.745024  -2.891734  -8.020140  -5.777363 -31.425262  26.824580 130.694850  66.856739  17.285199  17.838071 
  3.388407 -13.680799   7.757960  17.127775  -4.720910   7.590071  -1.016179 -30.520973  16.048269  66.856739  87.724574  -3.304432  14.255306 
 48.061455  -6.767658   6.127823   9.253382  17.667329  20.031309  18.430407 -15.305484 -18.023349  17.285199  -3.304432 126.590822 -11.041054 
-15.008456   8.012583  20.374353  10.600617  -1.785577   7.066775 -11.943622  -8.518354  24.767703  17.838071  14.255306 -11.041054  99.269855 

=== S_W (13x13) ===
230.038010 -37.023488   8.492002  63.540726  46.339467  25.687494  29.059357 -74.570284  -1.008781  23.801537  27.536000  68.775921   0.550936 
-37.023488 226.801449 -23.921807 -31.918994 -42.022247   3.485022   2.228082  14.804445  12.087430  -7.322472 -16.658365 -12.956885  49.300516 
  8.492002 -23.921807 195.284244 -22.371600  14.587554 -15.826786   1.608716 -45.083501  49.956055  -2.181942   4.769594   1.526580  18.377356 
 63.540726 -31.918994 -22.371600 236.761978  24.157457  45.556778  28.643700   2.344517   4.495669  35.473630  21.796462  13.777321  12.157071 
 46.339467 -42.022247  14.587554  24.157457 238.713816   4.536283  31.422090  12.605338   7.837705   0.646126  -6.901557  21.600755  -0.256148 
 25.687494   3.485022 -15.826786  45.556778   4.536283 239.816777  28.907242  -6.298555   8.250674  -9.356193  17.729117  28.461397  12.825943 
 29.059357   2.228082   1.608716  28.643700  31.422090  28.907242 233.578476 -13.487279  -3.954071   2.558399  16.631899  16.707015 -19.621242 
-74.570284  14.804445 -45.083501   2.344517  12.605338  -6.298555 -13.487279 200.604928 -45.166531 -48.571599 -60.543493 -23.257048 -20.265269 
 -1.008781  12.087430  49.956055   4.495669   7.837705   8.250674  -3.954071 -45.166531 194.502506  29.911767  19.566495 -20.068958  36.983456 
 23.801537  -7.322472  -2.181942  35.473630   0.646126  -9.356193   2.558399 -48.571599  29.911767 195.026624 115.033614  19.075520  26.852465 
 27.536000 -16.658365   4.769594  21.796462  -6.901557  17.729117  16.631899 -60.543493  19.566495 115.033614 217.027001  -7.755558  29.734954 
 68.775921 -12.956885   1.526580  13.777321  21.600755  28.461397  16.707015 -23.257048 -20.068958  19.075520  -7.755558 181.299471 -11.299706 
  0.550936  49.300516  18.377356  12.157071  -0.256148  12.825943 -19.621242 -20.265269  36.983456  26.852465  29.734954 -11.299706 180.461664 

=== S_W^{-1} (13x13) ===
  0.006318   0.000380   0.000137  -0.001452  -0.000971  -0.000053  -0.000188   0.002283   0.000356   0.000388  -0.000309  -0.001841   0.000004 
  0.000380   0.005257   0.000822   0.000736   0.000836  -0.000109  -0.000491  -0.000264  -0.000385  -0.000090   0.000571  -0.000014  -0.001647 
  0.000137   0.000822   0.006009   0.000576  -0.000292   0.000440  -0.000157   0.001111  -0.001354   0.000576   0.000027  -0.000213  -0.000626 
 -0.001452   0.000736   0.000576   0.005137  -0.000037  -0.000820  -0.000477  -0.000819  -0.000217  -0.001027   0.000231   0.000342  -0.000506 
 -0.000971   0.000836  -0.000292  -0.000037   0.004715   0.000076  -0.000611  -0.000915  -0.000372  -0.000105   0.000258  -0.000241  -0.000327 
 -0.000053  -0.000109   0.000440  -0.000820   0.000076   0.004636  -0.000410   0.000008  -0.000397   0.001024  -0.000763  -0.000832  -0.000330 
 -0.000188  -0.000491  -0.000157  -0.000477  -0.000611  -0.000410   0.004626   0.000276   0.000130   0.000258  -0.000483  -0.000167   0.000749 
  0.002283  -0.000264   0.001111  -0.000819  -0.000915   0.000008   0.000276   0.007035   0.001185   0.000693   0.001153   0.000279   0.000307 
  0.000356  -0.000385  -0.001354  -0.000217  -0.000372  -0.000397   0.000130   0.001185   0.006154  -0.000909   0.000372   0.000861  -0.000702 
  0.000388  -0.000090   0.000576  -0.001027  -0.000105   0.001024   0.000258   0.000693  -0.000909   0.008276  -0.004180  -0.001337  -0.000373 
 -0.000309   0.000571   0.000027   0.000231   0.000258  -0.000763  -0.000483   0.001153   0.000372  -0.004180   0.007409   0.001179  -0.000643 
 -0.001841  -0.000014  -0.000213   0.000342  -0.000241  -0.000832  -0.000167   0.000279   0.000861  -0.001337   0.001179   0.006706   0.000328 
  0.000004  -0.001647  -0.000626  -0.000506  -0.000327  -0.000330   0.000749   0.000307  -0.000702  -0.000373  -0.000643   0.000328   0.006554 

=== Eigenvector w = S_W^{-1} * (mu_1 - mu_0) (len=13) ===
 -0.000889   0.002238   0.003466   0.000966   0.000539  -0.000303   0.001300  -0.001328   0.002682   0.002124   0.000967   0.006012   0.003966 

=== Projected Means ===
proj_mu_0 = -0.009169
proj_mu_1 = 0.011568

=== Training Info ===
Training samples: 242

=== Inference Results ===
Correct: 49 / 61
Accuracy: 80.33%
Precision: 91.67%
Recall: 68.75%
F1 Score: 78.57%

