=== Global Mean (len=8) ===
  0.000000  -0.000000   0.000000  -0.000000   0.000000   0.000000   0.000000   0.000000 

=== Class 0 Mean (len=8) ===
 -0.168638  -0.326166  -0.044675  -0.051478  -0.079773  -0.212969  -0.129242  -0.169242 

=== Class 1 Mean (len=8) ===
  0.326786   0.632044   0.086571   0.099753   0.154583   0.412691   0.250444   0.327958 

=== X_bar_c (class 0, first 10 rows, 8 cols) ===
 -0.962381   0.458427   1.447124  -1.234436  -0.653233  -0.961786  -0.510980  -0.849167 
  2.632679   0.923359   0.874928   0.833272  -0.653233   0.911165  -0.565527   0.833791 
 -0.063616   0.365441   0.510803  -1.234436  -0.653233  -0.898936  -0.535223   0.749643 
 -0.662793  -3.416008  -1.049733   0.018720  -0.653233  -0.685243  -0.880690  -0.765019 
  0.835149  -0.936370   0.614838   1.021245  -0.653233   1.212848  -0.768565  -0.260131 
 -0.363205  -0.564424   0.406767   0.018720  -0.653233  -0.748094   3.840692  -0.260131 
 -0.962381   0.830373   0.822910   0.457325  -0.653233  -0.358420  -0.604923   2.348453 
 -0.662793  -0.316460  -0.113412  -0.294569  -0.135215  -0.823515   0.713307  -0.428427 
 -0.662793  -0.471437   0.302731   0.081378   0.022041  -0.534402   0.734520   0.413052 
 -0.662793   1.047341   0.718874   1.271876  -0.653233   1.401400   0.534512  -0.260131 

=== S_c (class 0 scatter, 8x8) ===
313.394592  29.370793  44.125923 -49.337387 -42.096140   4.058973 -24.193164 198.177277 
 29.370793 277.328232  63.531286   3.766517  88.281303  38.815003  18.566636  74.673499 
 44.125923  63.531286 333.826721  62.288360  20.824097 142.992308  14.280986  71.800557 
-49.337387   3.766517  62.288360 347.132613 132.132458 158.153732  21.768623 -74.901182 
-42.096140  88.281303  20.824097 132.132458 287.174749  77.645468  40.040471 -53.581514 
  4.058973  38.815003 142.992308 158.153732  77.645468 388.794811  20.664976  14.056449 
-24.193164  18.566636  14.280986  21.768623  40.040471  20.664976 313.878447  27.981755 
198.177277  74.673499  71.800557 -74.901182 -53.581514  14.056449  27.981755 396.242668 

=== X_bar_c (class 1, first 10 rows, 8 cols) ===
 -1.457805  -1.429648   0.743681   0.180778  -0.554577   0.285505  -0.936122  -1.093923 
  0.639313   0.182117   0.275520  -1.385667  -0.887589   0.536907  -0.905818   0.504887 
 -1.457805  -1.119693   0.691663  -1.385667  -0.887589  -0.908659   0.560902   2.103697 
 -1.158217   0.678045   0.067449  -1.385667  -0.887589   0.486627   2.018530  -0.336592 
  0.040136  -0.778743   0.171485   0.431410  -0.887589  -0.355573   0.315438  -0.168296 
  0.639313   0.585058  -0.868873   0.619383   0.731218  -0.581835   0.097249   0.168296 
 -1.457805  -0.716752   0.691663   1.559250   1.239987   1.341396  -0.014877  -0.504887 
 -0.259452   0.151121   0.379556  -1.385667  -0.887589   0.423776  -0.108819   2.524437 
 -1.457805  -0.003856  -3.677837  -1.385667  -0.887589   0.914012  -1.063399  -0.673183 
  0.938901   1.731891   0.171485  -1.385667  -0.887589  -1.160062   1.924587   0.168296 

=== S_c (class 1 scatter, 8x8) ===
266.768763 -26.646000  32.815018 -26.970679 -34.082270 -34.562989 -30.670370 100.032198 
-26.646000 210.094765  17.032071  12.157631  78.074908  14.879313   5.791232  16.402996 
 32.815018  17.032071 277.798585  63.078126  25.225036  32.849739  10.163612  58.295466 
-26.970679  12.157631  63.078126 263.714464 134.489978  57.609590  80.848439 -17.552231 
-34.082270  78.074908  25.225036 134.489978 319.253706  10.240582  47.042448   4.183876 
-34.562989  14.879313  32.849739  57.609590  10.240582 171.240508  36.983621 -35.071845 
-30.670370   5.791232  10.163612  80.848439  47.042448  36.983621 280.247715 -28.069945 
100.032198  16.402996  58.295466 -17.552231   4.183876 -35.071845 -28.069945 183.677710 

=== S_W (8x8) ===
580.163355   2.724793  76.940941 -76.308066 -76.178410 -30.504016 -54.863534 298.209476 
  2.724793 487.422997  80.563357  15.924148 166.356210  53.694316  24.357868  91.076495 
 76.940941  80.563357 611.625306 125.366486  46.049133 175.842046  24.444597 130.096022 
-76.308066  15.924148 125.366486 610.847077 266.622436 215.763322 102.617062 -92.453413 
-76.178410 166.356210  46.049133 266.622436 606.428455  87.886050  87.082919 -49.397637 
-30.504016  53.694316 175.842046 215.763322  87.886050 560.035319  57.648597 -21.015397 
-54.863534  24.357868  24.444597 102.617062  87.082919  57.648597 594.126162  -0.088190 
298.209476  91.076495 130.096022 -92.453413 -49.397637 -21.015397  -0.088190 579.920378 

=== S_W^{-1} (8x8) ===
  0.002406   0.000178  -0.000103   0.000032   0.000112   0.000050   0.000192  -0.001226 
  0.000178   0.002449  -0.000207   0.000346  -0.000795  -0.000185  -0.000001  -0.000449 
 -0.000103  -0.000207   0.001972  -0.000334   0.000078  -0.000506   0.000013  -0.000422 
  0.000032   0.000346  -0.000334   0.002453  -0.000992  -0.000684  -0.000209   0.000286 
  0.000112  -0.000795   0.000078  -0.000992   0.002325   0.000093  -0.000139   0.000093 
  0.000050  -0.000185  -0.000506  -0.000684   0.000093   0.002226  -0.000078   0.000096 
  0.000192  -0.000001   0.000013  -0.000209  -0.000139  -0.000078   0.001764  -0.000149 
 -0.001226  -0.000449  -0.000422   0.000286   0.000093   0.000096  -0.000149   0.002577 

=== Eigenvector w = S_W^{-1} * (mu_1 - mu_0) (len=8) ===
  0.000875   0.001934  -0.000544   0.000077  -0.000250   0.001110   0.000579   0.000257 

=== Projected Means ===
proj_mu_0 = -0.001093
proj_mu_1 = 0.002118

=== Training Info ===
Training samples: 614

=== Inference Results ===
Correct: 116 / 154
Accuracy: 75.32%
Precision: 69.81%
Recall: 62.71%
F1 Score: 66.07%

